0.0
0.0
0.0
0.048570431768894196
0.09309235215187073
0.022006716579198837
-0.06329600512981415
0.09939941763877869
0.0037195533514022827
-0.0031053731217980385
-0.10201415419578552
0.035802289843559265
0.09853902459144592
0.46613582968711853
-0.001401115208864212
-0.09612932801246643
0.455500066280365
-0.03906641900539398
0.004627089481800795
-0.23089900612831116
0.024037394672632217
0.06988458335399628
0.850095272064209
0.09701612591743469
-0.11143121123313904
0.848304271697998
0.04774636775255203
0.011437763459980488
-0.2781205475330353
-0.005444664508104324
0.13381798565387726
0.9262657165527344
0.004515562206506729
-0.11293958872556686
0.9342886209487915
-0.055484093725681305
0.0033631445840001106
-0.43973633646965027
0.003160925582051277
0.05717146396636963
-0.3589347302913666
-0.0020279698073863983
-0.03050331398844719
-0.36118897795677185
-0.007883576676249504
0.01879649981856346
-0.5932143926620483
-0.04996531829237938
0.17015643417835236
-0.4137905538082123
-0.0031865015625953674
-0.12999917566776276
-0.4070110619068146
-0.015935147181153297
0.24652795493602753
-0.16405746340751648
0.0042526014149188995
-0.2361198216676712
-0.16138765215873718
-0.037757713347673416
0.09502317011356354
-0.13349643349647522
-0.18952302634716034
-0.046479061245918274
-0.2478524148464203
-0.1659294068813324
0.003053913824260235
-0.5936992168426514
-0.051258634775877
0.06748483330011368
-0.6239026784896851
-0.10330957174301147
0.011734961532056332
-0.6250993013381958
-0.1298365741968155
0.043734509497880936
-0.1576569378376007
-0.27291837334632874
0.026883382350206375
-0.15631037950515747
-0.2990536391735077
0.008197681047022343
-0.15708184242248535
-0.31045371294021606
0.03360545262694359
-0.13670992851257324
-0.27618464827537537
0.005518942140042782
-0.13437321782112122
-0.2859233319759369
-0.01754080504179001
-0.13365894556045532
-0.2875927686691284
0.026578389108181
-0.10413795709609985
-0.24491600692272186
0.00807847362011671
-0.10132068395614624
-0.24689273536205292
-0.009934910573065281
-0.09757152199745178
-0.2451186627149582
0.029424645006656647
-0.117012619972229
-0.2610872685909271
0.0036530932411551476
-0.11659890413284302
-0.2706882953643799
-0.019239455461502075
-0.11649122834205627
-0.2732585668563843
0.0698392391204834
-0.16402050852775574
-0.21930299699306488
0.04914703965187073
-0.18359240889549255
-0.22560949623584747
0.031550921499729156
-0.19871416687965393
-0.2360682189464569
0.025671452283859253
-0.31538113951683044
-0.1756705790758133
0.05399998277425766
-0.31347379088401794
-0.18842758238315582
0.06897523999214172
-0.2992499768733978
-0.19572384655475616
0.018501192331314087
-0.323781818151474
-0.19641630351543427
0.04438699036836624
-0.31157252192497253
-0.2047935128211975
0.06139521300792694
-0.2964009940624237
-0.20876570045948029
-0.007023443467915058
-0.3023541271686554
-0.22769053280353546
0.010817443020641804
-0.3006029427051544
-0.23340828716754913
0.024707384407520294
-0.2884293496608734
-0.23263157904148102
0.0039131371304392815
-0.314488023519516
-0.2147059142589569
0.030153393745422363
-0.3083733022212982
-0.22023406624794006
0.04913254827260971
-0.29562297463417053
-0.22306305170059204
5.330052226781845e-05
-0.2633914649486542
-0.1602516919374466
0.027130339294672012
-0.2691502273082733
-0.16944995522499084
0.04843789339065552
-0.27657970786094666
-0.18120984733104706
